43.087 35.362
-33.32 -27.064
-96.891 8.414
85.644 75.98
-30.128 41.585
3.119 14.795
67.583 -37.252
81.426 -2.979
81.702 -75.361
-19.777 22.754
-93.007 -96.94
-0.544 -86.835
-9.73 98.395
92.158 42.603
77.483 -94.416
31.37 -59.312
-28.89 -7.358
-49.725 -70.655
-34.072 92.394
-33.609 14.725
28.626 98.967
-72.508 22.807
-9.914 -5.595
33.29 -79.182
-14.594 13.557
65.349 23.007
-29.686 62.529
-68.199 33.03
69.562 20.877
26.008 53.443
0.772 -3.337
-8.294 48.238
41.371 -98.731
-67.636 -69.027
-59.404 57.818
71.759 37.1
-92.984 -60.683
32.275 -3.009
-89.761 32.993
-99.203 5.387
69.018 -60.096
8.406 3.764
-16.844 -25.773
73.949 56.915
98.338 -78.483
93.455 29.7
-36.098 34.368
89.927 -28.756
17.423 33.014
-98.706 6.836
24.755 7.321
-99.758 9.814
5.304 48.681
25.684 -79.236
-36.448 54.638
-37.369 55.829
90.207 -26.657
-20.444 -76.205
43.386 -74.049
27.337 0.839
56.114 -45.605
44.186 73.518
47.308 -81.506
52.628 -88.657
28.296 71.195
83.987 -37.853
-12.398 56.747
75.446 82.785
-24.14 23.999
77.451 -41.664
-28.176 2.55
-18.871 -34.185
79.831 18.523
-94.189 24.756
63.664 82.074
-61.407 -43.792
78.032 -91.769
-64.817 -18.207
-74.618 -90.555
85.67 -74.231
-29.751 53.29
-64.119 -5.043
-89.866 93.302
15.699 64.014
-15.554 63.393
-63.654 14.423
15.123 17.612
25.657 -74.901
8.082 22.067
53.602 81.069
78.453 95.947
17.499 -90.244
50.533 67.318
61.864 3.606
40.193 78.679
-11.158 83.622
30.062 -4.249
-39.124 -35.302
-93.638 77.41
59.62 59.413
